@jÿjl
             SIVA DURGA MEDICAL AGENCIES              
                                             6,COLOOTALA STREET,                                             

Page No.1                 Sales & Stock Statement(From 01/08/2026 Upto 31/08/2026)               Sep  3,2026

THE HIMALAYA DRUG CO.
-------------------------------------------------------------------------------------------------------------
Code  PRODUCT NAME         PACKING           Op. Opening Bal    Receipt Receipt/Pur      Total      Issue Issue/Sales   Shortage  Shortage     Expiry      Expiry    Closing Closing Bala 
                                            Qty.       Value       Qty.       Value       Qty.       Qty.       Value       Qty.     Value   Breakage       Value       Qty.        Value 
-------------------------------------------------------------------------------------------------------------
ACDF  ALTHEA LOTION100ML   1,                  0        0.00        100    16413.00        100        100    18514.00          0         0          0        0.00          0         0.00 
B0009 BONNISAN LIQ(L)      200 200ML          31     3104.14         28     2836.68         59          0        0.00          0         0          0        0.00         59      5933.59 
BIO12 BRESOL 200ML         1,                  4      609.88          0        0.00          4          4      655.20          0         0          0        0.00          0         0.00 
HD/KO KOFLET LOZENGE       1X10'S             12      179.55          0        0.00         12          0        0.00          0         0          0        0.00         12       179.55 
HD000 EVECARE FORTE LIQ    200ml              32     5526.07          0        0.00         32         20     3916.00          0         0          0        0.00         12      2077.74 
HD000 PILEX FORTE TAB      30 'S              26     2641.00          0        0.00         26          8      938.72          0         0          0        0.00         18      1828.39 
HD000 LIV 52 DS SYRUP(L)   200 200ML          70    16902.06         35     8297.45        105         70    18719.40          0         0          0        0.00         35      8451.03 
HD000 lIV 52 HB CAP        1                  12     1914.70          0        0.00         12          9     1542.78          0         0          0        0.00          3       478.67 
HD001 ABANA                100 100'S           0        0.00        500    70585.00        500        500    83810.00          0         0          0        0.00          0         0.00 
HD002 BONNISAN LIQ         56 100ML           30     1883.23          0        0.00         30         15     1017.00          0         0          0        0.00         15       936.65 
HD002 CLARINA FACE WASH    60 60ML            13     1659.63          0        0.00         13          9     1098.36          0         0          0        0.00          4       510.66 
HD003 BONNISON DROPS       10 30ML            57     3787.70          0        0.00         57         33     2463.78          0         0          0        0.00         24      1591.53 
HD004 CYSTONE TAB          60 60'S           128    21382.89        200    31473.80        328        155    28696.70          0         0          0        0.00        173     28577.13 
HD004 HIORA-K TOOTHPASTE   100 100G            0        0.00        300    30797.10        300        270    32913.00          0         0          0        0.00         30      3233.79 
HD01  TENTEX ROYAL CAP     10 10'S           105    19393.50          0        0.00        105         10     2141.00          0         0          0        0.00         95     17540.15 
HD013 KOFLET SYP           56 100ML           66     4975.32          0        0.00         66          6      534.84          0         0          0        0.00         60      4527.26 
HD014 LIV 52 DS            60 60'S           101    20118.33       2300   423443.80       2401       2312   494999.20          0         0          0        0.00         89     17201.09 
HD015 LIV 52 TAB           100 100'S          82    12379.37        200    29720.00        282        164    27489.68          0         0          0        0.00        118     18371.09 
HD016 LIV 52 DROPS (60ML)  60 60ML             0        0.00          0        0.00          0          0        0.00          0         0          0        0.00          0         0.00 
HD018 LIV 52 SYP (100 ML)  50 100ML           70     6949.43         70     6618.50        140         71     7572.86          0         0          0        0.00         69      6850.15 
HD019 LIV 52 SYP (200 ML)  56 200ML           14     2247.22        175    26829.00        189        153    27276.84          0         0          0        0.00         36      5728.96 
HD02  AMALAKI CAP          100 60'S            3      616.59          0        0.00          3          0        0.00          0         0          0        0.00          3       616.59 
HD020 LUKOL TAB            50 60'S            39     6997.54          0        0.00         39          8     1542.08          0         0          0        0.00         31      5562.14 
HD021 MENTAT TAB           60 60'S            33     4821.20        200    26436.60        233        213    33432.48          0         0          0        0.00         20      2921.94 
HD023 PILEX TAB            60 1X60'S         100    16595.25        100    15805.00        200         93    16580.04          0         0          0        0.00        107     17756.92 
HD024 PILEX FORTE OINT     30gm              100    10637.55        200    20262.00        300        205    23427.40          0         0          0        0.00         95     10105.67 
HD027 SEPTILIN TAB         60 60'S           100    18225.90          0        0.00        100         29     5678.20          0         0          0        0.00         71     12940.39 
HD028 SEPTILIN SYP         28 200ML           18     2682.12          0        0.00         18         14     2399.88          0         0          0        0.00          4       604.72 
HD030 SPEMAN TAB           60 60'S            44     7738.96          0        0.00         44          0        0.00          0         0          0        0.00         44      7738.96 
HD033 TENTEX FORTE TAB     10 10X10'S          0        0.00          0        0.00          0          0        0.00          0         0          0        0.00          0         0.00 
HD036 EVECARE SYP          200 1X200M         28     4055.73         28     3862.59         56         28     4586.40          0         0          0        0.00         28      4055.73 
HD039 OPTHACARE EYE DROP   1X10ML              0        0.00          0        0.00          0          0        0.00          0         0          0        0.00          0         0.00 
HD04  ASHWAGANDHA CAP      60 60'S            41     7598.76          0        0.00         41         16     3169.60          0         0          0        0.00         25      4633.39 
HD041 CONFIDO              1X60'S             25     4001.63        400    62369.40        425        347    64243.58          0         0          0        0.00         78     12737.13 
HD042 GASEX 100 TAB'S      1X100'S            59     8358.46          0        0.00         59         12     1883.52          0         0          0        0.00         47      6657.84 
HD047 CYSTONE SYRUP 200ML  1X200'ML           10     1814.32          0        0.00         10          1      206.48          0         0          0        0.00          9      1622.12 
HD05  BRAHMI CAP           100 60'S            0        0.00         60    10590.60         60         60    11886.00          0         0          0        0.00          0         0.00 
HD051 EVECARE CAP.         30 30'S             0        0.00          0        0.00          0          0        0.00          0         0          0        0.00          0         0.00 
HD053 CLARINA CREAM        30MG.              15     1775.81        100    12968.00        115        100    14628.00          0         0          0        0.00         15      1775.81 
HD054 PURIM TAB            60 60'S             0        0.00        100    12023.00        100        100    13562.00          0         0          0        0.00          0         0.00 
HD055 KOFLET LOZENGES      1X250"S             6     1595.73          0        0.00          6          2      571.44          0         0          0        0.00          4      1063.82 
HD06  KARELA CAP           60 60'S            24     4772.88          0        0.00         24         20     4571.60          0         0          0        0.00          4       795.48 
HD069 TALEKT CAP 60        1X60                0        0.00        250    33687.00        250        250    40000.00          0         0          0        0.00          0         0.00 
HD07  LASUNA CAP           60 60'S             1      208.50          0        0.00          1          0        0.00          0         0          0        0.00          1       208.50 
HD08  NEEM TAB             100 60'S            0        0.00          0        0.00          0          0        0.00          0         0          0        0.00          0         0.00 
HD09  SHALLAKI CAP         60 60'S             0        0.00         60    11608.62         60         30     6857.40          0         0          0        0.00         30      6094.62 
HD1   HIMCOCID SYP         28 200ML           12     1234.04          0        0.00         12          0        0.00          0         0          0        0.00         12      1234.04 
HD10  SHUDDHA GUGGULU CAP  60 60'S            24     5966.35          0        0.00         24          0        0.00          0         0          0        0.00         24      5966.35 
HD11  TAGARA(VALERIAN)CAP  60 60'S             0        0.00         60    13237.80         60         60    14857.20          0         0          0        0.00          0         0.00 
HD12  TRIPHALA CAP         60 60'S            56    11547.65          0        0.00         56         30     6857.40          0         0          0        0.00         26      5453.03 
-------------------------------------------------------------------------------------------------------------
*****
                                                                                       ...Continued Page 2








Page No.2                 Sales & Stock Statement(From 01/08/2026 Upto 31/08/2026)               Sep  3,2026

THE HIMALAYA DRUG CO.
-------------------------------------------------------------------------------------------------------------
Code  PRODUCT NAME         PACKING           Op. Opening Bal    Receipt Receipt/Pur      Total      Issue Issue/Sales   Shortage  Shortage     Expiry      Expiry    Closing Closing Bala 
                                            Qty.       Value       Qty.       Value       Qty.       Qty.       Value       Qty.     Value   Breakage       Value       Qty.        Value 
-------------------------------------------------------------------------------------------------------------
HD123 HADJOD CAP           60 60,s            34     7876.49         60    12575.91         94         60    14857.20          0         0          0        0.00         34      7876.49 
HD123 EVECARE FORTE TAB    10                 84     5433.12         84     5174.23        168         84     6143.76          0         0          0        0.00         84      5433.12 
HD13  TULASI CAP           60 60'S            23     3787.20          0        0.00         23          0        0.00          0         0          0        0.00         23      3787.20 
HD151 BRESOL TAB           60 60'S             0        0.00        150    25126.50        150        100    18896.00          0         0          0        0.00         50      8794.28 
HD19  RENALKA SYRUP        1X200ML            16     2382.91          0        0.00         16          5      800.00          0         0          0        0.00         11      1638.25 
HD20  MANJISHTHA CAP 60    1X60CAP             0        0.00         60    12219.60         60         60    13714.80          0         0          0        0.00          0         0.00 
HD256 RUMALAYA LINIMNT     60 60ML            25     2966.67         50     5673.50         75         24     3072.00          0         0          0        0.00         51      6064.40 
HD35  RUMALAYA FORTE TAB   2 30'S             14     2218.25        300    44083.80        314        214    37311.20          0         0          0        0.00        100     15445.98 
HD36  MENOSAN TAB          2 30'S              0        0.00        112    17463.43        112        112    20735.68          0         0          0        0.00          0         0.00 
HD37  REOSTO TAB           2 30'S             48     8442.50          0        0.00         48          0        0.00          0         0          0        0.00         48      8442.50 
HD43  DIABECON DS TAB60    60'S               35     6578.99          0        0.00         35          3      651.42          0         0          0        0.00         32      6015.07 
HD45  HIMPLASIA TAB        30 30'S            40    13900.74          0        0.00         40          3     1120.02          0         0          0        0.00         37     12858.18 
HD50  HIMCOLIN GEL         30 30GM            47    10133.04          0        0.00         47          8     1852.96          0         0          0        0.00         39      8408.26 
HD51  EVECARE SYP L        400 400ML           3      648.99          0        0.00          3          0        0.00          0         0          0        0.00          3       648.99 
HD58  LIV 52 DS SYP        10 100ML            1      124.79          0        0.00          1          0        0.00          0         0          0        0.00          1       124.79 
HD69  GASEX SYP            200 200ML          22     2340.26          0        0.00         22          0        0.00          0         0          0        0.00         22      2340.26 
HI14  HIORA SG             10 10GM             0        0.00        150    10780.13        150        150    12801.00          0         0          0        0.00          0         0.00 
HI41  BLEMINOR ANTI BLEMIS 30 30GM             0        0.00         50     8679.00         50         50     9790.00          0         0          0        0.00          0         0.00 
HIZ00 CYSTONE FORTE TAB    0 1                24     2516.72          0        0.00         24         14     1695.96          0         0          0        0.00         10      1048.64 
HIZ01 GOKSHURA CAP         60 60'S             9     1764.13          0        0.00          9          3      628.56          0         0          0        0.00          6      1176.08 
HIZ02 GUDUCHI CAP          60 60'S            48     8211.67          0        0.00         48          4      731.44          0         0          0        0.00         44      7527.37 
HIZ04 SHATAVARI CAP        60 60'S            30     5773.64          0        0.00         30         10     2285.80          0         0          0        0.00         20      3849.09 
HIZ05 TRIKATU CAP          60 60'S             0        0.00         60    12219.60         60         60    13714.80          0         0          0        0.00          0         0.00 
HIZ1  ARJUNA CAP           60 60'S            24     5559.88          0        0.00         24          0        0.00          0         0          0        0.00         24      5559.88 
HU23  AACTARIL SOAP75GM    75gm                0        0.00        216    16778.88        216        216    18925.92          0         0          0        0.00          0         0.00 
HW000 QUISTA ACTIV(MMF)    200 GM              0        0.00          0        0.00          0          0        0.00          0         0          0        0.00          0         0.00 
HZI5  HARIDRA CAP          60 60'S             0        0.00         60    11608.62         60         25     5714.50          0         0          0        0.00         35      6810.88 
IL542 ORO-T ORAL 100ML     1 X100ML            5      548.52          0        0.00          5          0        0.00          0         0          0        0.00          5       548.52 
NIZ06 VRIKSHAMLA CAP       60 60'S            30     5004.09        180    37727.73        210        185    45562.10          0         0          0        0.00         25      4170.08 
NIZ07 YASHTI MADHU CAP     60 60'S            20     3849.09         60    12219.60         80         60    13714.80          0         0          0        0.00         20      3849.09 
QDV01 QUISTA DN (VANILLA)  400 GM              0        0.00          0        0.00          0          0        0.00          0         0          0        0.00          0         0.00 
-------------------------------------------------------------------------------------------------------------
      TOTAL (Value IN Rs.)                         346960.67             1102195.47                        1269959.98                    0                   0.00               356980.03 
-------------------------------------------------------------------------------------------------------------
 
-------------------------------------------------------------------------------------------------------------
*****




























      GRAND TOTAL                                  346960.67             1102195.47                        1269959.98                    0                   0.00               356980.03 
Powered By SwilERP for Retail, Distribution & Chain Stores                                                
 













































































